00000000
00000000
00000000
00000000
00000000
00000000
00000000
00000000
00000000
00000000
00000000
00000000
00000000
00000000
00000000
00000000
00000000
00000000
00000000
00000000
00000000
00000000
00000000
00000000
00000000
00000000
00000000
00000000
00000000
00000000
00000000
00000000
00000000
00000000
00000000
00000000
00000000
00000000
00000000
00000000
00000000
00000000
00000000
00000000
00000000
00000000
00000000
00000000
00000000
00000000
00000000
00000000
00000000
00000000
00000000
00000000
00000000
00000000
00000000
00000000
00000000
00000000
00000000
00000000
00000000
00000000
00000000
00000000
00000000
00000000
00000000
00000000
00000000
00000000
00000000
00000000
00000000
00000000
00000000
00000000
00000000
00000000
00000000
00000000
00000000
00000000
00000000
00000000
00000000
00000000
00000000
00000000
00000000
00000000
00000000
00000000
00000000
00000000
00000000
00000000
00000000
00000000
00000000
00000000
00000000
00000000
00000000
00000000
00000000
00000000
00000000
00000000
00000000
00000000
00000000
00000000
00000000
00000000
00000000
00000000
00000000
00000000
00000000
00000000
00000000
00000000
00000000
00000000
00000000
00000000
00000000
00000000
00000000
00000000
00000000
00000000
00000000
00000000
00000000
00000000
00000000
00000000
00000000
00000000
00000000
00000000
00000000
00000000
00000000
00000000
00000000
00000000
00000000
00000000
00000000
00000000
00000000
00000000
00000000
00000000
00000000
00000000
00000000
00000000
00000000
00000000
00000000
00000000
00000000
00000000
00000000
00000000
00000000
00000000
00000000
00000000
00000000
00000000
00000000
00000000
00000000
00000000
00000000
00000000
00000000
00000000
00000000
00000000
00000000
00000000
00000000
00000000
00000000
00000000
00000000
00000000
00000000
00000000
00000000
00000000
00000000
00000000
00000000
00000000
00000000
00000000
00000000
00000000
00000000
00000000
00000000
00000000
00000000
00000000
00000000
00000000
00000000
00000000
00000000
00000000
00000000
00000000
00000000
00000000
00000000
00000000
00000000
00000000
00000000
00000000
00000000
00000000
00000000
00000000
00000000
00000000
00000000
00000000
00000000
00000000
00000000
00000000
00000000
00000000
00000000
00000000
00000000
00000000
00000000
00000000
00000000
00000000
00000000
00000000
00000000
00000000
00000000
00000000
00000000
00000000
00000000
00000000
00000000
00000000
00000000
00000000
00000000
00000000
00000000
00000000
00000000
00000000
11011100
11011011
11011001
11011000
11011001
11011000
11010110
11010101
11010110
11010101
11010011
11010010
11010011
11010010
11010000
11001111
11010000
11001111
11001101
11001100
11001101
11001011
11001010
11001011
11001001
11001000
11001001
11000111
11000110
11000111
11000101
11000100
11000101
11000011
11000010
11000011
11000001
11000010
11000001
10111111
11000000
10111110
10111101
10111110
10111100
10111101
10111011
10111100
10111011
10111001
10111010
10111000
10111001
10110111
10110110
10110111
10110101
10110110
10110100
10110101
10110011
10110100
10110010
10110011
10110001
10110010
10110001
10101111
10110000
10101110
10101111
10101101
10101110
10101100
10101101
10101011
10101100
10101010
10101011
10101001
10101010
10101000
10101000
10101001
10100111
10101000
10100110
10100111
10100101
10100110
10100100
10100101
10100011
10100100
10100010
10100010
10100011
10100001
10100010
10100000
10100001
10011111
10011111
10100000
10011110
10011111
10011101
10011110
10011100
10011100
10011101
10011011
10011100
10011010
10011010
10011011
10011001
10011010
10011000
10011000
10011001
10010111
10011000
10011000
10010110
10010111
10010101
10010101
10010110
10010100
10010101
10010101
10010011
10010100
10010010
10010010
10010011
10010001
10010010
10010010
10010000
10010001
10010001
10001111
10010000
10010000
10001110
10001111
10001111
10001101
10001110
10001110
10001100
10001101
10001101
10001011
10001100
10001100
10001010
10001011
10001011
10001001
10001010
10001010
10001000
10001001
10001001
10000111
10000111
10001000
10000110
10000110
10000111
10000111
10000101
10000110
10000110
10000100
10000100
10000101
10000011
10000011
10000100
10000100
10000010
10000010
10000011
10000001
10000001
10000010
10000010
10000000
10000000
10000001
01111111
01111111
10000000
10000000
01111110
01111110
01111111
01111111
01111101
01111101
01111110
01111110
01111100
01111100
01111101
01111011
01111011
01111100
01111100
01111010
01111010
01111011
01111011
01111001
01111001
01111010
01111010
01111000
01111000
01111001
01111001
01110111
01110111
01110111
01111000
01111000
01110110
01110110
01110111
01110111
01110101
01110101
01110110
01110110
01110100
01110100
01110101
01110101
01110101
01110011
01110011
01110100
01110100
01110010
01110010
01110011
01110011
01110011
01110001
01110001
01110010
01110010
01110000
01110000
01110001
01110001
01110001
01101111
01101111
01110000
01110000
01110000
01101110
01101110
01101111
01101111
01101101
01101101
01101101
01101110
01101110
01101100
01101100
01101100
01101101
01101101
01101011
01101011
01101011
01101100
01101100
01101100
01101010
01101010
01101011
01101011
01101011
01101001
01101001
01101001
01101010
01101010
01101000
01101000
01101000
01101001
01101001
01101001
01100111
01100111
01101000
01101000
01101000
01100110
01100110
01100110
01100111
01100111
01100111
01100101
01100101
01100101
01100110
01100110
01100110
01100100
01100100
01100100
01100101
01100101
01100101
01100011
01100011
01100011
01100100
01100100
01100100
01100010
01100010
01100010
01100011
01100011
01100011
01100001
01100001
01100001
01100010
01100010
01100010
01100000
01100000
01100000
01100001
01100001
01100001
01011111
01011111
01011111
01011111
01100000
01100000
01100000
01011110
01011110
01011110
01011111
01011111
01011111
01011101
01011101
01011101
01011101
01011110
01011110
01011110
01011100
01011100
01011100
01011100
01011101
01011101
01011101
01011011
01011011
01011011
01011011
01011100
01011100
01011100
01011010
01011010
01011010
01011010
01011011
01011011
01011011
01011001
01011001
01011001
01011001
01011010
01011010
01011010
01011010
01011000
01011000
01011000
01011000
01011001
01011001
01011001
01010111
01010111
01010111
01010111
01011000
01011000
01011000
01011000
01010110
01010110
01010110
01010110
01010111
01010111
01010111
01010111
01010101
01010101
01010101
01010101
01010110
01010110
01010110
01010110
01010100
01010100
01010100
01010100
01010101
01010101
01010101
01010101
01010101
01010011
01010011
01010011
01010011
01010100
01010100
01010100
01010100
01010010
01010010
01010010
01010010
01010011
01010011
01010011
01010011
01010011
01010001
01010001
01010001
01010001
01010010
01010010
01010010
01010010
01010010
01010000
01010000
01010000
01010000
01010001
01010001
01010001
01010001
01010001
01001111
01001111
01001111
01001111
01001111
01010000
01010000
01010000
01010000
01001110
01001110
01001110
01001110
01001110
01001111
01001111
01001111
01001111
01001111
01001101
01001101
01001101
01001101
01001101
01001110
01001110
01001110
01001110
01001110
01001100
01001100
01001100
01001100
01001100
01001101
01001101
01001101
01001101
01001101
01001011
01001011
01001011
01001011
01001011
01001100
01001100
01001100
01001100
01001100
01001010
01001010
01001010
01001010
01001010
01001010
01001011
01001011
01001011
01001011
01001011
01001001
01001001
01001001
01001001
01001001
01001010
01001010
01001010
01001010
01001010
01001010
01001000
01001000
01001000
01001000
01001000
01001001
01001001
01001001
01001001
01001001
01001001
01000111
01000111
01000111
01000111
01000111
01000111
01001000
01001000
01001000
01001000
01001000
01001000
01000110
01000110
01000110
01000110
01000110
01000110
01000111
01000111
01000111
01000111
01000111
01000111
01000101
01000101
01000101
01000101
01000101
01000101
01000110
01000110
01000110
01000110
01000110
01000110
01000100
01000100
01000100
01000100
01000100
01000100
01000101
01000101
01000101
01000101
01000101
01000101
01000011
01000011
01000011
01000011
01000011
01000011
01000011
01000100
01000100
01000100
01000100
01000100
01000100
01000010
01000010
01000010
01000010
01000010
01000010
01000010
01000011
01000011
01000011
01000011
01000011
01000011
01000011
01000001
01000001
01000001
01000001
01000001
01000001
01000001
01000010
01000010
01000010
01000010
01000010
01000010
01000010
01000000
01000000
01000000
01000000
01000000
01000000
01000000
01000001
01000001
01000001
01000001
01000001
01000001
01000001
00111111
00111111
00111111
00111111
00111111
00111111
00111111
01000000
01000000
01000000
01000000
01000000
01000000
01000000
00111110
00111110
00111110
00111110
00111110
00111110
00111110
00111110
00111111
00111111
00111111
00111111
00111111
00111111
00111111
00111111
00111101
00111101
00111101
00111101
00111101
00111101
00111101
00111110
00111110
00111110
00111110
00111110
00111110
00111110
00111110
00111100
00111100
00111100
00111100
00111100
00111100
00111100
00111100
00111101
00111101
00111101
00111101
00111101
00111101
00111101
00111101
00111011
00111011
00111011
00111011
00111011
00111011
00111011
00111011
00111011
00111100
00111100
00111100
00111100
00111100
00111100
00111100
00111100
00111010
00111010
00111010
00111010
00111010
00111010
00111010
00111010
00111011
00111011
00111011
00111011
00111011
00111011
00111011
00111011
00111011
00111001
00111001
00111001
00111001
00111001
00111001
00111001
00111001
00111001
00111010
00111010
00111010
00111010
00111010
00111010
00111010
00111010
00111010
00111000
00111000
00111000
00111000
00111000
00111000
00111000
00111000
00111000
00111001
00111001
00111001
00111001
00111001
00111001
00111001
00111001
00111001
00110111
00110111
00110111
00110111
00110111
00110111
00110111
00110111
00110111
00110111
00111000
00111000
00111000
00111000
00111000
00111000
00111000
00111000
00111000
00111000
00110110
00110110
00110110
00110110
00110110
00110110
00110110
00110110
00110110
00110111
00110111
00110111
00110111
00110111
00110111
00110111
00110111
00110111
00110111
00110101
00110101
00110101
00110101
00110101
00110101
00110101
00110101
00110101
00110101
00110101
00110110
00110110
00110110
00110110
00110110
00110110
00110110
00110110
00110110
00110110
00110100
00110100
00110100
00110100
00110100
00110100
00110100
00110100
00110100
00110100
00110100
00110101
00110101
00110101
00110101
00110101
00110101
00110101
00110101
00110101
00110101
00110011
00110011
00110011
00110011
00110011
00110011
00110011
00110011
00110011
00110011
00110011
00110100
00110100
00110100
00110100
00110100
00110100
00110100
00110100
00110100
00110100
00110100
00110100
00110010
00110010
00110010
00110010
00110010
00110010
00110010
00110010
00110010
00110010
00110010
00110011
00110011
00110011
00110011
00110011
00110011
00110011
00110011
00110011
00110011
00110011
00110011
00110001
00110001
00110001
00110001
00110001
00110001
00110001
00110001
00110001
00110001
00110001
00110001
00110010
00110010
00110010
00110010
00110010
00110010
00110010
00110010
00110010
00110010
00110010
00110010
00110000
00110000
00110000
00110000
00110000
00110000
00110000
00110000
00110000
00110000
00110000
00110000
00110001
00110001
00110001
00110001
00110001
00110001
00110001
00110001
00110001
00110001
00110001
00110001
00110001
00101111
00101111
00101111
00101111
00101111
00101111
00101111
00101111
00101111
00101111
00101111
00101111
00101111
00110000
00110000
00110000
00110000
00110000
00110000
00110000
00110000
00110000
00110000
00110000
00110000
00110000
00101110
00101110
00101110
00101110
00101110
00101110
00101110
00101110
00101110
00101110
00101110
00101110
00101110
00101111
00101111
00101111
00101111
00101111
00101111
00101111
00101111
00101111
00101111
00101111
00101111
00101111
00101111
00101101
00101101
00101101
00101101
00101101
00101101
00101101
00101101
00101101
00101101
00101101
00101101
00101101
00101101
00101110
00101110
00101110
00101110
00101110
00101110
00101110
00101110
00101110
00101110
00101110
00101110
00101110
00101110
00101100
00101100
00101100
00101100
00101100
00101100
00101100
00101100
00101100
00101100
00101100
00101100
00101100
00101100
00101100
00101101
00101101
00101101
00101101
00101101
00101101
00101101
00101101
00101101
00101101
00101101
00101101
00101101
00101101
00101101
00101011
00101011
00101011
00101011
00101011
00101011
00101011
00101011
00101011
00101011
00101011
00101011
00101011
00101011
00101011
00101100
00101100
00101100
00101100
00101100
00101100
00101100
00101100
00101100
00101100
00101100
00101100
00101100
00101100
00101100
00101100
00101010
00101010
00101010
00101010
00101010
00101010
00101010
00101010
00101010
00101010
00101010
00101010
00101010
00101010
00101010
00101010
00101011
00101011
00101011
00101011
00101011
00101011
00101011
00101011
00101011
00101011
00101011
00101011
00101011
00101011
00101011
00101011
00101001
00101001
00101001
00101001
00101001
00101001
00101001
00101001
00101001
00101001
00101001
00101001
00101001
00101001
00101001
00101001
00101001
00101010
00101010
00101010
00101010
00101010
00101010
00101010
00101010
00101010
00101010
00101010
00101010
00101010
00101010
00101010
00101010
00101010
00101000
00101000
00101000
00101000
00101000
00101000
00101000
00101000
00101000
00101000
00101000
00101000
00101000
00101000
00101000
00101000
00101000
00101000
00101001
00101001
00101001
00101001
00101001
00101001
00101001
00101001
00101001
00101001
00101001
00101001
00101001
00101001
00101001
00101001
00101001
00101001
00100111
00100111
00100111
00100111
00100111
00100111
00100111
00100111
00100111
00100111
00100111
00100111
00100111
00100111
00100111
00100111
00100111
00100111
00100111
00101000
00101000
00101000
00101000
00101000
00101000
00101000
00101000
00101000
00101000
00101000
00101000
00101000
00101000
00101000
00101000
00101000
00101000
00100110
00100110
00100110
00100110
00100110
00100110
00100110
00100110
00100110
00100110
00100110
00100110
00100110
00100110
00100110
00100110
00100110
00100110
00100110
00100110
00100111
00100111
00100111
00100111
00100111
00100111
00100111
00100111
00100111
00100111
00100111
00100111
00100111
00100111
00100111
00100111
00100111
00100111
00100111
00100111
00100101
00100101
00100101
00100101
00100101
00100101
00100101
00100101
00100101
00100101
00100101
00100101
00100101
00100101
00100101
00100101
00100101
00100101
00100101
00100101
00100110
00100110
00100110
00100110
00100110
00100110
00100110
00100110
00100110
00100110
00100110
00100110
00100110
00100110
00100110
00100110
00100110
00100110
00100110
00100110
00100110
00100110
00100100
00100100
00100100
00100100
00100100
00100100
00100100
00100100
00100100
00100100
00100100
00100100
00100100
00100100
00100100
00100100
00100100
00100100
00100100
00100100
00100100
00100101
00100101
00100101
00100101
00100101
00100101
00100101
00100101
00100101
00100101
00100101
00100101
00100101
00100101
00100101
00100101
00100101
00100101
00100101
00100101
00100101
00100101
00100011
00100011
00100011
00100011
00100011
00100011
00100011
00100011
00100011
00100011
00100011
00100011
00100011
00100011
00100011
00100011
00100011
00100011
00100011
00100011
00100011
00100011
00100011
00100100
00100100
00100100
00100100
00100100
00100100
00100100
00100100
00100100
00100100
00100100
00100100
00100100
00100100
00100100
00100100
00100100
00100100
00100100
00100100
00100100
00100100
00100100
00100100
00100010
00100010
00100010
00100010
00100010
00100010
00100010
00100010
00100010
00100010
00100010
00100010
00100010
00100010
00100010
00100010
00100010
00100010
00100010
00100010
00100010
00100010
00100010
00100010
00100011
00100011
00100011
00100011
00100011
00100011
00100011
00100011
00100011
00100011
00100011
00100011
00100011
00100011
00100011
00100011
00100011
00100011
00100011
00100011
00100011
00100011
00100011
00100011
00100011
00100001
00100001
00100001
00100001
00100001
00100001
00100001
00100001
00100001
00100001
00100001
00100001
00100001
00100001
00100001
00100001
00100001
00100001
00100001
00100001
00100001
00100001
00100001
00100001
00100001
00100010
00100010
00100010
00100010
00100010
00100010
00100010
00100010
00100010
00100010
00100010
00100010
00100010
00100010
00100010
00100010
00100010
00100010
00100010
00100010
00100010
00100010
00100010
00100010
00100010
00100010
00100010
00100000
00100000
00100000
00100000
00100000
00100000
00100000
00100000
00100000
00100000
00100000
00100000
00100000
00100000
00100000
00100000
00100000
00100000
00100000
00100000
00100000
00100000
00100000
00100000
00100000
00100000
00100000
00100001
00100001
00100001
00100001
00100001
00100001
00100001
00100001
00100001
00100001
00100001
00100001
00100001
00100001
00100001
00100001
00100001
00100001
00100001
00100001
00100001
00100001
00100001
00100001
00100001
00100001
00100001
00100001
00011111
00011111
00011111
00011111
00011111
00011111
00011111
00011111
00011111
00011111
00011111
00011111
00011111
00011111
00011111
00011111
00011111
00011111
00011111
00011111
00011111
00011111
00011111
00011111
00011111
00011111
00011111
00011111
00011111
00100000
00100000
00100000
00100000
00100000
00100000
00100000
00100000
00100000
00100000
00100000
00100000
00100000
00100000
00100000
00100000
00100000
00100000
00100000
00100000
00100000
00100000
00100000
00100000
00100000
00100000
00100000
00100000
00100000
00011110
00011110
00011110
00011110
00011110
00011110
00011110
00011110
00011110
00011110
00011110
00011110
00011110
00011110
00011110
00011110
00011110
00011110
00011110
00011110
00011110
00011110
00011110
00011110
00011110
00011110
00011110
00011110
00011110
00011110
00011110
00011111
00011111
00011111
00011111
00011111
00011111
00011111
00011111
00011111
00011111
00011111
00011111
00011111
00011111
00011111
00011111
00011111
00011111
00011111
00011111
00011111
00011111
00011111
00011111
00011111
00011111
00011111
00011111
00011111
00011111
00011111
00011111
00011101
00011101
00011101
00011101
00011101
00011101
00011101
00011101
00011101
00011101
00011101
00011101
00011101
00011101
00011101
00011101
00011101
00011101
00011101
00011101
00011101
00011101
00011101
00011101
00011101
00011101
00011101
00011101
00011101
00011101
00011101
00011101
